{'topic': 'surfaces.HUD', 'name': 'HUD', 'surf_to_img_trans': '[[245.26337707422235, -73.25865782423634, 420.7658208469315], [-2.1837427253184947, -177.1074194429898, 203.12430917880064], [0.048383523290880276, -0.08831714556492073, 1.0]]', 'img_to_surf_trans': '[[0.004393106309141649, -0.0009963152623095899, -1.6460931328528885], [-0.0003315256241463696, -0.006207480606025439, 1.4003848612154584], [-0.00024183335823390418, -0.0005000217255747555, 1.2033217790672228]]', 'surf_to_dist_img_trans': '[[202.42578443128824, -30.297054877708568, 429.17703116234435], [-11.48944812941474, -149.55307220103327, 223.48585562737017], [0.0032963457786492987, -0.03369146765965034, 1.0]]', 'dist_img_to_surf_trans': '[[0.004941335474642919, -0.0005510225728242526, -1.997561937826799], [-0.00042537630111958325, -0.006993653048434374, 1.7455442735316442], [-3.061990222508134e-05, -0.00023381007457227206, 1.0653946033015251]]', 'gaze_on_surfaces': "[{'topic': 'gaze.3d.01._on_surface', 'norm_pos': [0.29729345440864563, -0.5604040026664734], 'confidence': 0.9151345011035268, 'on_surf': False, 'base_data': ('gaze.3d.01.', 3542.9283995), 'timestamp': 3542.9283995}, {'topic': 'gaze.3d.01._on_surface', 'norm_pos': [0.30013975501060486, -0.5584424138069153], 'confidence': 0.9465985968053161, 'on_surf': False, 'base_data': ('gaze.3d.01.', 3542.932416), 'timestamp': 3542.932416}, {'topic': 'gaze.3d.01._on_surface', 'norm_pos': [0.30398568511009216, -0.5515412092208862], 'confidence': 0.9609138217790019, 'on_surf': False, 'base_data': ('gaze.3d.01.', 3542.9363970000004), 'timestamp': 3542.9363970000004}, {'topic': 'gaze.3d.01._on_surface', 'norm_pos': [0.30357620120048523, -0.5618745684623718], 'confidence': 0.9555942711461789, 'on_surf': False, 'base_data': ('gaze.3d.01.', 3542.9403525000002), 'timestamp': 3542.9403525000002}, {'topic': 'gaze.3d.01._on_surface', 'norm_pos': [0.308981716632843, -0.560771644115448], 'confidence': 0.9539419358058439, 'on_surf': False, 'base_data': ('gaze.3d.01.', 3542.9443365), 'timestamp': 3542.9443365}, {'topic': 'gaze.3d.01._on_surface', 'norm_pos': [0.3148266077041626, -0.5527113676071167], 'confidence': 0.9354249459841988, 'on_surf': False, 'base_data': ('gaze.3d.01.', 3542.9483600000003), 'timestamp': 3542.9483600000003}, {'topic': 'gaze.3d.01._on_surface', 'norm_pos': [0.30910035967826843, -0.5559993386268616], 'confidence': 0.9370772813245338, 'on_surf': False, 'base_data': ('gaze.3d.01.', 3542.952331), 'timestamp': 3542.952331}, {'topic': 'gaze.3d.01._on_surface', 'norm_pos': [0.31193703413009644, -0.5678989887237549], 'confidence': 0.9266572163740641, 'on_surf': False, 'base_data': ('gaze.3d.01.', 3542.9563205), 'timestamp': 3542.9563205}]", 'fixations_on_surfaces': "[{'topic': 'fixations_on_surface', 'norm_pos': [0.32284772396087646, -0.4936445653438568], 'confidence': 0.9332749553364149, 'on_surf': False, 'base_data': ('fixations', 3542.652363), 'timestamp': 3542.652363, 'id': 2340, 'duration': 303.9574999997967, 'dispersion': 1.4431972765516317}]", 'timestamp': '3542.943777'}
{'topic': 'surfaces.HUD', 'name': 'HUD', 'surf_to_img_trans': '[[245.25889783829075, -73.41152293939686, 420.7098873241836], [-2.2728052339544385, -177.15946578585718, 202.74371412514301], [0.0483355166676454, -0.08850606444018949, 1.0]]', 'img_to_surf_trans': '[[0.004392385336039571, -0.0009980162601005763, -1.6455784164795286], [-0.00033305312491657495, -0.0062051240796642025, 1.3981686451751], [-0.0002417854359567348, -0.000500951480079459, 1.2032862871857837]]', 'surf_to_dist_img_trans': '[[202.397535536242, -30.3591916147781, 429.1504834211126], [-11.554208826450724, -149.5450610625493, 223.15829807070767], [0.0032551641129415936, -0.03374294276248612, 1.0]]', 'dist_img_to_surf_trans': '[[0.004941354761737467, -0.0005524820692493325, -1.9972938264665865], [-0.00042729929789497525, -0.006993732148587455, 1.7440850636983007], [-3.0503256441041517e-05, -0.0002341906837810814, 1.0653520816641926]]', 'gaze_on_surfaces': "[{'topic': 'gaze.3d.01._on_surface', 'norm_pos': [0.31899330019950867, -0.5668850541114807], 'confidence': 0.9146231717666318, 'on_surf': False, 'base_data': ('gaze.3d.01.', 3542.9605874999997), 'timestamp': 3542.9605874999997}, {'topic': 'gaze.3d.01._on_surface', 'norm_pos': [0.32093629240989685, -0.5683210492134094], 'confidence': 0.9183288828902896, 'on_surf': False, 'base_data': ('gaze.3d.01.', 3542.9645915), 'timestamp': 3542.9645915}, {'topic': 'gaze.3d.01._on_surface', 'norm_pos': [0.3265765607357025, -0.572539746761322], 'confidence': 0.8843157448006558, 'on_surf': False, 'base_data': ('gaze.3d.01.', 3542.9684445000003), 'timestamp': 3542.9684445000003}, {'topic': 'gaze.3d.01._on_surface', 'norm_pos': [0.3311416506767273, -0.578032910823822], 'confidence': 0.8818131985360615, 'on_surf': False, 'base_data': ('gaze.3d.01.', 3542.9724415), 'timestamp': 3542.9724415}, {'topic': 'gaze.3d.01._on_surface', 'norm_pos': [0.33712953329086304, -0.5760080218315125], 'confidence': 0.9278603812331276, 'on_surf': False, 'base_data': ('gaze.3d.01.', 3542.976458), 'timestamp': 3542.976458}, {'topic': 'gaze.3d.01._on_surface', 'norm_pos': [0.3396720290184021, -0.5883512496948242], 'confidence': 0.9303118166131092, 'on_surf': False, 'base_data': ('gaze.3d.01.', 3542.9804215000004), 'timestamp': 3542.9804215000004}, {'topic': 'gaze.3d.01._on_surface', 'norm_pos': [0.33902090787887573, -0.5889654159545898], 'confidence': 0.9138313710267774, 'on_surf': False, 'base_data': ('gaze.3d.01.', 3542.9843635), 'timestamp': 3542.9843635}, {'topic': 'gaze.3d.01._on_surface', 'norm_pos': [0.33979514241218567, -0.5915493965148926], 'confidence': 0.9239440452013312, 'on_surf': False, 'base_data': ('gaze.3d.01.', 3542.9883835), 'timestamp': 3542.9883835}, {'topic': 'gaze.3d.01._on_surface', 'norm_pos': [0.34202152490615845, -0.5918780565261841], 'confidence': 0.9265397473484605, 'on_surf': False, 'base_data': ('gaze.3d.01.', 3542.9924015), 'timestamp': 3542.9924015}, {'topic': 'gaze.3d.01._on_surface', 'norm_pos': [0.34659215807914734, -0.5962880849838257], 'confidence': 0.9629486182730709, 'on_surf': False, 'base_data': ('gaze.3d.01.', 3542.996415), 'timestamp': 3542.996415}]", 'fixations_on_surfaces': "[{'topic': 'fixations_on_surface', 'norm_pos': [0.32384592294692993, -0.5028473734855652], 'confidence': 0.9314785547289075, 'on_surf': False, 'base_data': ('fixations', 3542.6924175000004), 'timestamp': 3542.6924175000004, 'id': 2340, 'duration': 303.9974999996957, 'dispersion': 1.655668973151898}]", 'timestamp': '3542.979542'}
{'topic': 'surfaces.HUD', 'name': 'HUD', 'surf_to_img_trans': '[[245.33803987084494, -73.49440328450007, 420.58920267541873], [-2.324944322498456, -177.20980288199164, 202.19950255245166], [0.04835053569247338, -0.08861146032885055, 1.0]]', 'img_to_surf_trans': '[[0.004390695407923766, -0.0009985058893603213, -1.644781686684929], [-0.0003335594495816219, -0.0062018990347788554, 1.3943124026572007], [-0.00024184966496951216, -0.0005012810356411821, 1.2030781338024692]]', 'surf_to_dist_img_trans': '[[202.43267890314263, -30.360274435584948, 429.0764105860537], [-11.58333544560183, -149.52829880243382, 222.70194434280432], [0.003265534324295339, -0.03372564162086333, 0.9999999999999999]]', 'dist_img_to_surf_trans': '[[0.004940495104417997, -0.000552759137771469, -1.9967493711866873], [-0.00042825938933127377, -0.006993469021808686, 1.7412151504320026], [-3.0576679027846375e-05, -0.00023405417597866876, 1.0652440517569126]]', 'gaze_on_surfaces': "[{'topic': 'gaze.3d.01._on_surface', 'norm_pos': [0.3431094288825989, -0.6029733419418335], 'confidence': 0.9768333617122735, 'on_surf': False, 'base_data': ('gaze.3d.01.', 3543.0005275000003), 'timestamp': 3543.0005275000003}, {'topic': 'gaze.3d.01._on_surface', 'norm_pos': [0.34448671340942383, -0.6006472110748291], 'confidence': 0.9523141302271618, 'on_surf': False, 'base_data': ('gaze.3d.01.', 3543.0045290000003), 'timestamp': 3543.0045290000003}, {'topic': 'gaze.3d.01._on_surface', 'norm_pos': [0.34957268834114075, -0.602165699005127], 'confidence': 0.9523141302271618, 'on_surf': False, 'base_data': ('gaze.3d.01.', 3543.008409), 'timestamp': 3543.008409}, {'topic': 'gaze.3d.01._on_surface', 'norm_pos': [0.3483703136444092, -0.6055068969726562], 'confidence': 0.9485858832133829, 'on_surf': False, 'base_data': ('gaze.3d.01.', 3543.012427), 'timestamp': 3543.012427}, {'topic': 'gaze.3d.01._on_surface', 'norm_pos': [0.3441910445690155, -0.608526349067688], 'confidence': 0.9395036131256376, 'on_surf': False, 'base_data': ('gaze.3d.01.', 3543.016385), 'timestamp': 3543.016385}, {'topic': 'gaze.3d.01._on_surface', 'norm_pos': [0.34658485651016235, -0.6074449419975281], 'confidence': 0.8952639631811365, 'on_surf': False, 'base_data': ('gaze.3d.01.', 3543.0203410000004), 'timestamp': 3543.0203410000004}, {'topic': 'gaze.3d.01._on_surface', 'norm_pos': [0.3485869765281677, -0.603173553943634], 'confidence': 0.9019223012266764, 'on_surf': False, 'base_data': ('gaze.3d.01.', 3543.0243609999998), 'timestamp': 3543.0243609999998}, {'topic': 'gaze.3d.01._on_surface', 'norm_pos': [0.34680020809173584, -0.6025469899177551], 'confidence': 0.9032308708084464, 'on_surf': False, 'base_data': ('gaze.3d.01.', 3543.0284485), 'timestamp': 3543.0284485}]", 'fixations_on_surfaces': "[{'topic': 'fixations_on_surface', 'norm_pos': [0.32493653893470764, -0.5183378458023071], 'confidence': 0.931667478279115, 'on_surf': False, 'base_data': ('fixations', 3542.728354), 'timestamp': 3542.728354, 'id': 2340, 'duration': 300.0945000003412, 'dispersion': 1.7371929583310373}]", 'timestamp': '3543.0116559999997'}
{'topic': 'surfaces.HUD', 'name': 'HUD', 'surf_to_img_trans': '[[245.374633942298, -73.59796256208716, 420.4577367369812], [-2.367567417548803, -177.25765236399775, 201.7174363259127], [0.048318095816968956, -0.08874549806704869, 1.0]]', 'img_to_surf_trans': '[[0.0043894837203524864, -0.0009994534542810476, -1.64398520197858], [-0.00033368624475989863, -0.0061992745523326, 1.3908027330290116], [-0.00024170464697635715, -0.0005018660200325846, 1.2028617157665524]]', 'surf_to_dist_img_trans': '[[202.42495963078693, -30.384110287515135, 428.9916167881366], [-11.612659724595503, -149.51129367358848, 222.2984168536354], [0.003224693813387725, -0.03374002759395092, 1.0]]', 'dist_img_to_surf_trans': '[[0.00494015239549525, -0.0005534604333888675, -1.996250585189821], [-0.0004289080083312247, -0.006993659183243961, 1.738677304396413], [-3.0401846903308136e-05, -0.00023418151338983555, 1.0651003171393445]]', 'gaze_on_surfaces': "[{'topic': 'gaze.3d.01._on_surface', 'norm_pos': [0.3517557382583618, -0.6068702340126038], 'confidence': 0.8897898644031166, 'on_surf': False, 'base_data': ('gaze.3d.01.', 3543.032436), 'timestamp': 3543.032436}, {'topic': 'gaze.3d.01._on_surface', 'norm_pos': [0.35160449147224426, -0.6012794971466064], 'confidence': 0.9405647916990638, 'on_surf': False, 'base_data': ('gaze.3d.01.', 3543.0363865), 'timestamp': 3543.0363865}, {'topic': 'gaze.3d.01._on_surface', 'norm_pos': [0.35693955421447754, -0.5959544777870178], 'confidence': 0.9564297301465992, 'on_surf': False, 'base_data': ('gaze.3d.01.', 3543.040314), 'timestamp': 3543.040314}, {'topic': 'gaze.3d.01._on_surface', 'norm_pos': [0.35531872510910034, -0.5949980616569519], 'confidence': 0.950316008608965, 'on_surf': False, 'base_data': ('gaze.3d.01.', 3543.044312), 'timestamp': 3543.044312}, {'topic': 'gaze.3d.01._on_surface', 'norm_pos': [0.36288008093833923, -0.5895797610282898], 'confidence': 0.950316008608965, 'on_surf': False, 'base_data': ('gaze.3d.01.', 3543.0484365), 'timestamp': 3543.0484365}, {'topic': 'gaze.3d.01._on_surface', 'norm_pos': [0.364349365234375, -0.5865071415901184], 'confidence': 0.9423911168075136, 'on_surf': False, 'base_data': ('gaze.3d.01.', 3543.0524165), 'timestamp': 3543.0524165}, {'topic': 'gaze.3d.01._on_surface', 'norm_pos': [0.3613579273223877, -0.5871132612228394], 'confidence': 0.9142429393763898, 'on_surf': False, 'base_data': ('gaze.3d.01.', 3543.0564225), 'timestamp': 3543.0564225}, {'topic': 'gaze.3d.01._on_surface', 'norm_pos': [0.3588191866874695, -0.5798784494400024], 'confidence': 0.8966647326702173, 'on_surf': False, 'base_data': ('gaze.3d.01.', 3543.0604565000003), 'timestamp': 3543.0604565000003}]", 'fixations_on_surfaces': "[{'topic': 'fixations_on_surface', 'norm_pos': [0.3272387385368347, -0.5361780524253845], 'confidence': 0.9309517358973102, 'on_surf': False, 'base_data': ('fixations', 3542.760399), 'timestamp': 3542.760399, 'id': 2340, 'duration': 300.0575000005483, 'dispersion': 1.731992328593787}]", 'timestamp': '3543.043658'}
{'topic': 'surfaces.HUD', 'name': 'HUD', 'surf_to_img_trans': '[[245.35978045824214, -73.6645909713262, 420.45578082571905], [-2.3513366707642844, -177.31348805645283, 201.27114986530478], [0.04823785306864814, -0.08880526564628499, 1.0]]', 'img_to_surf_trans': '[[0.004389321643468894, -0.001000040924845818, -1.6442362720438617], [-0.00033201427003148437, -0.006196325070116935, 1.3867387909530193], [-0.00024121606795719303, -0.0005020264666871222, 1.2024641344135845]]', 'surf_to_dist_img_trans': '[[202.36582112712887, -30.37193573723067, 429.0164249051569], [-11.589051173891384, -149.5049456798016, 221.91241099423019], [0.0031301012363414366, -0.033687311536588306, 1.0]]', 'dist_img_to_surf_trans': '[[0.004940716711237446, -0.0005537861536740797, -1.9967565993872174], [-0.000427306732309215, -0.006992904896778222, 1.735133992130618], [-2.98597584992392e-05, -0.00023383875907921785, 1.064702049651043]]', 'gaze_on_surfaces': "[{'topic': 'gaze.3d.01._on_surface', 'norm_pos': [0.3617788553237915, -0.5821636915206909], 'confidence': 0.9248129101013411, 'on_surf': False, 'base_data': ('gaze.3d.01.', 3543.0644445000003), 'timestamp': 3543.0644445000003}, {'topic': 'gaze.3d.01._on_surface', 'norm_pos': [0.37274301052093506, -0.5928340554237366], 'confidence': 0.9865173088034283, 'on_surf': False, 'base_data': ('gaze.3d.01.', 3543.0683995), 'timestamp': 3543.0683995}, {'topic': 'gaze.3d.01._on_surface', 'norm_pos': [0.42387962341308594, -0.5797220468521118], 'confidence': 0.9865173088034283, 'on_surf': False, 'base_data': ('gaze.3d.01.', 3543.0723550000002), 'timestamp': 3543.0723550000002}, {'topic': 'gaze.3d.01._on_surface', 'norm_pos': [0.45032405853271484, -0.6278328895568848], 'confidence': 0.995, 'on_surf': False, 'base_data': ('gaze.3d.01.', 3543.0763564999997), 'timestamp': 3543.0763564999997}, {'topic': 'gaze.3d.01._on_surface', 'norm_pos': [0.5865630507469177, -0.5587162971496582], 'confidence': 0.9928861771193443, 'on_surf': False, 'base_data': ('gaze.3d.01.', 3543.080383), 'timestamp': 3543.080383}, {'topic': 'gaze.3d.01._on_surface', 'norm_pos': [0.6121397018432617, -0.6056171655654907], 'confidence': 0.9783376140246602, 'on_surf': False, 'base_data': ('gaze.3d.01.', 3543.084378), 'timestamp': 3543.084378}, {'topic': 'gaze.3d.01._on_surface', 'norm_pos': [0.7063550353050232, -0.5313705205917358], 'confidence': 0.9540226546077157, 'on_surf': False, 'base_data': ('gaze.3d.01.', 3543.0883795), 'timestamp': 3543.0883795}, {'topic': 'gaze.3d.01._on_surface', 'norm_pos': [0.7225036025047302, -0.5635650753974915], 'confidence': 0.9675303095591019, 'on_surf': False, 'base_data': ('gaze.3d.01.', 3543.0924315), 'timestamp': 3543.0924315}]", 'fixations_on_surfaces': '[]', 'timestamp': '3543.079624'}
{'topic': 'surfaces.HUD', 'name': 'HUD', 'surf_to_img_trans': '[[245.3798412698881, -73.61848861800063, 420.69695708748293], [-2.2872225986654082, -177.35966605617244, 201.05085845683402], [0.048236566998855646, -0.08878228836457018, 1.0]]', 'img_to_surf_trans': '[[0.004389585044143712, -0.0009980677022471724, -1.6460227026131502], [-0.00032982381898665484, -0.006194210306339551, 1.384107176574394], [-0.00024102102648578986, -0.0005017928060193909, 1.2022826868543355]]', 'surf_to_dist_img_trans': '[[202.4307371967535, -30.305462019728967, 429.23559831078916], [-11.499014578658421, -149.53700587818196, 221.71181375523386], [0.0032087505613563883, -0.03363418060595475, 1.0]]', 'dist_img_to_surf_trans': '[[0.004940292284331445, -0.0005517662643497916, -1.9982162152572416], [-0.0004245716731010291, -0.006990873589690757, 1.7322005394332334], [-3.0132285973865555e-05, -0.00023336182459858821, 1.0646729231914478]]', 'gaze_on_surfaces': "[{'topic': 'gaze.3d.01._on_surface', 'norm_pos': [0.7939472198486328, -0.49434348940849304], 'confidence': 0.9310171709719697, 'on_surf': False, 'base_data': ('gaze.3d.01.', 3543.0964625), 'timestamp': 3543.0964625}, {'topic': 'gaze.3d.01._on_surface', 'norm_pos': [0.7862445116043091, -0.49362504482269287], 'confidence': 0.9268393342666634, 'on_surf': False, 'base_data': ('gaze.3d.01.', 3543.1003895000003), 'timestamp': 3543.1003895000003}, {'topic': 'gaze.3d.01._on_surface', 'norm_pos': [0.8163213133811951, -0.45005863904953003], 'confidence': 0.9273118127432092, 'on_surf': False, 'base_data': ('gaze.3d.01.', 3543.1043305000003), 'timestamp': 3543.1043305000003}, {'topic': 'gaze.3d.01._on_surface', 'norm_pos': [0.809893012046814, -0.4594745934009552], 'confidence': 0.9269984984009767, 'on_surf': False, 'base_data': ('gaze.3d.01.', 3543.1084285), 'timestamp': 3543.1084285}, {'topic': 'gaze.3d.01._on_surface', 'norm_pos': [0.807511568069458, -0.4604109227657318], 'confidence': 0.9815054825821967, 'on_surf': False, 'base_data': ('gaze.3d.01.', 3543.1123785), 'timestamp': 3543.1123785}, {'topic': 'gaze.3d.01._on_surface', 'norm_pos': [0.8012938499450684, -0.46915361285209656], 'confidence': 0.9764035716786061, 'on_surf': False, 'base_data': ('gaze.3d.01.', 3543.116362), 'timestamp': 3543.116362}, {'topic': 'gaze.3d.01._on_surface', 'norm_pos': [0.7875654697418213, -0.46333420276641846], 'confidence': 0.9841032410445791, 'on_surf': False, 'base_data': ('gaze.3d.01.', 3543.120471), 'timestamp': 3543.120471}, {'topic': 'gaze.3d.01._on_surface', 'norm_pos': [0.7795412540435791, -0.4669671654701233], 'confidence': 0.97917160217618, 'on_surf': False, 'base_data': ('gaze.3d.01.', 3543.1244105), 'timestamp': 3543.1244105}]", 'fixations_on_surfaces': '[]', 'timestamp': '3543.1116819999997'}
{'topic': 'surfaces.HUD', 'name': 'HUD', 'surf_to_img_trans': '[[245.40757450711115, -73.59491102880088, 420.84765179965297], [-2.2356454738446128, -177.39999344458724, 201.08784704008866], [0.04823897200439279, -0.08877282044233718, 1.0]]', 'img_to_surf_trans': '[[0.0043894865572164125, -0.0009968945542918523, -1.6468417305621332], [-0.0003283793167580402, -0.006193094463800916, 1.3835536965988142], [-0.0002408954772707599, -0.0005016892943216149, 1.202263916016751]]', 'surf_to_dist_img_trans': '[[202.4676886979494, -30.284259328048467, 429.3636001872224], [-11.44708248588067, -149.57905204423588, 221.7382712798114], [0.003229793511977224, -0.03363210738165131, 1.0]]', 'dist_img_to_surf_trans': '[[0.004939810754309565, -0.0005506952756960975, -1.9988647112791018], [-0.00042276607249399576, -0.006989101356210581, 1.731271615448554], [-3.01730826721014e-05, -0.00023327957528479932, 1.0646822331533803]]', 'gaze_on_surfaces': "[{'topic': 'gaze.3d.01._on_surface', 'norm_pos': [0.764051616191864, -0.4626774787902832], 'confidence': 0.9737208355260449, 'on_surf': False, 'base_data': ('gaze.3d.01.', 3543.12835), 'timestamp': 3543.12835}, {'topic': 'gaze.3d.01._on_surface', 'norm_pos': [0.755908727645874, -0.46514376997947693], 'confidence': 0.9380759309050646, 'on_surf': False, 'base_data': ('gaze.3d.01.', 3543.1323979999997), 'timestamp': 3543.1323979999997}, {'topic': 'gaze.3d.01._on_surface', 'norm_pos': [0.7468041777610779, -0.4636591672897339], 'confidence': 0.9217998093583475, 'on_surf': False, 'base_data': ('gaze.3d.01.', 3543.1364430000003), 'timestamp': 3543.1364430000003}, {'topic': 'gaze.3d.01._on_surface', 'norm_pos': [0.7398838996887207, -0.47622212767601013], 'confidence': 0.9519181087743362, 'on_surf': False, 'base_data': ('gaze.3d.01.', 3543.1403965), 'timestamp': 3543.1403965}, {'topic': 'gaze.3d.01._on_surface', 'norm_pos': [0.7325534224510193, -0.4672929048538208], 'confidence': 0.9739077858321821, 'on_surf': False, 'base_data': ('gaze.3d.01.', 3543.1443955000004), 'timestamp': 3543.1443955000004}, {'topic': 'gaze.3d.01._on_surface', 'norm_pos': [0.7326860427856445, -0.48026180267333984], 'confidence': 0.9673166556678758, 'on_surf': False, 'base_data': ('gaze.3d.01.', 3543.1484200000004), 'timestamp': 3543.1484200000004}, {'topic': 'gaze.3d.01._on_surface', 'norm_pos': [0.7262712121009827, -0.47441285848617554], 'confidence': 0.9220182344838257, 'on_surf': False, 'base_data': ('gaze.3d.01.', 3543.152414), 'timestamp': 3543.152414}, {'topic': 'gaze.3d.01._on_surface', 'norm_pos': [0.7216042876243591, -0.4718591570854187], 'confidence': 0.9021911130209013, 'on_surf': False, 'base_data': ('gaze.3d.01.', 3543.1565015), 'timestamp': 3543.1565015}]", 'fixations_on_surfaces': '[]', 'timestamp': '3543.143823'}
{'topic': 'surfaces.HUD', 'name': 'HUD', 'surf_to_img_trans': '[[245.2993231946191, -73.4806595002612, 420.9629181037951], [-2.208176658365283, -177.40483245750056, 201.3571585602536], [0.04812952182742723, -0.08871772029482973, 1.0]]', 'img_to_surf_trans': '[[0.0043910950254781415, -0.0009945218874850463, -1.648234074206368], [-0.00032751102124103085, -0.006193809127028438, 1.3850378016957896], [-0.00024039733505099316, -0.0005016347627997069, 1.2022061141398377]]', 'surf_to_dist_img_trans': '[[202.41365181582745, -30.238422086288388, 429.44980427461945], [-11.415769187817807, -149.6261185310936, 221.96249561117338], [0.003167207672102464, -0.0336710798660019, 1.0]]', 'dist_img_to_surf_trans': '[[0.004940744827734088, -0.000548404145320776, -2.00007674654233], [-0.00042120816827764796, -0.006987950993008344, 1.7319508070424159], [-2.9830898798589023e-05, -0.0002335549461688185, 1.0646513123643542]]', 'gaze_on_surfaces': "[{'topic': 'gaze.3d.01._on_surface', 'norm_pos': [0.691273033618927, -0.500864565372467], 'confidence': 0.8902113794509425, 'on_surf': False, 'base_data': ('gaze.3d.01.', 3543.1604275), 'timestamp': 3543.1604275}, {'topic': 'gaze.3d.01._on_surface', 'norm_pos': [0.6894233822822571, -0.49761587381362915], 'confidence': 0.914233458765203, 'on_surf': False, 'base_data': ('gaze.3d.01.', 3543.1643440000003), 'timestamp': 3543.1643440000003}, {'topic': 'gaze.3d.01._on_surface', 'norm_pos': [0.6557091474533081, -0.5411248207092285], 'confidence': 0.9504763911320708, 'on_surf': False, 'base_data': ('gaze.3d.01.', 3543.168415), 'timestamp': 3543.168415}, {'topic': 'gaze.3d.01._on_surface', 'norm_pos': [0.6525011658668518, -0.5352482199668884], 'confidence': 0.9788125292280725, 'on_surf': False, 'base_data': ('gaze.3d.01.', 3543.1724295000004), 'timestamp': 3543.1724295000004}, {'topic': 'gaze.3d.01._on_surface', 'norm_pos': [0.6214524507522583, -0.5868532657623291], 'confidence': 0.9711644084819042, 'on_surf': False, 'base_data': ('gaze.3d.01.', 3543.176402), 'timestamp': 3543.176402}, {'topic': 'gaze.3d.01._on_surface', 'norm_pos': [0.6217875480651855, -0.5931788682937622], 'confidence': 0.9425816011297741, 'on_surf': False, 'base_data': ('gaze.3d.01.', 3543.1803685000004), 'timestamp': 3543.1803685000004}, {'topic': 'gaze.3d.01._on_surface', 'norm_pos': [0.6094544529914856, -0.6163175702095032], 'confidence': 0.9712649442630834, 'on_surf': False, 'base_data': ('gaze.3d.01.', 3543.1846215), 'timestamp': 3543.1846215}, {'topic': 'gaze.3d.01._on_surface', 'norm_pos': [0.6092845797538757, -0.6170356273651123], 'confidence': 0.9840073647337633, 'on_surf': False, 'base_data': ('gaze.3d.01.', 3543.188653), 'timestamp': 3543.188653}, {'topic': 'gaze.3d.01._on_surface', 'norm_pos': [0.6125692129135132, -0.6114767789840698], 'confidence': 0.9460100175091384, 'on_surf': False, 'base_data': ('gaze.3d.01.', 3543.1924440000003), 'timestamp': 3543.1924440000003}, {'topic': 'gaze.3d.01._on_surface', 'norm_pos': [0.611470639705658, -0.609637439250946], 'confidence': 0.9323828742874483, 'on_surf': False, 'base_data': ('gaze.3d.01.', 3543.1964555000004), 'timestamp': 3543.1964555000004}]", 'fixations_on_surfaces': '[]', 'timestamp': '3543.1795469999997'}
{'topic': 'surfaces.HUD', 'name': 'HUD', 'surf_to_img_trans': '[[245.35386965432664, -73.38964100841517, 420.8890895373034], [-2.1051446358272385, -177.41070681860236, 201.76680844151198], [0.048275693211386056, -0.08870110363133779, 1.0]]', 'img_to_surf_trans': '[[0.004391498235770298, -0.0009926493632168199, -1.648050000240278], [-0.00032611499223792297, -0.006195336655249099, 1.3872715463178067], [-0.00024092938129061898, -0.000501612362563143, 1.2026132734033663]]', 'surf_to_dist_img_trans': '[[202.46210572616974, -30.221885356739694, 429.36467591783315], [-11.350571151533883, -149.6757864706893, 222.31634676180948], [0.00326063396359228, -0.03375437337922439, 1.0]]', 'dist_img_to_surf_trans': '[[0.004940758922257761, -0.0005466135882205625, -1.999866217419786], [-0.00041964736777988173, -0.00698732465309414, 1.7335782465811975], [-3.0274940287486065e-05, -0.0002340704584316861, 1.0650366791283625]]', 'gaze_on_surfaces': "[{'topic': 'gaze.3d.01._on_surface', 'norm_pos': [0.6160290837287903, -0.6091054081916809], 'confidence': 0.9514954902077797, 'on_surf': False, 'base_data': ('gaze.3d.01.', 3543.2004695000005), 'timestamp': 3543.2004695000005}, {'topic': 'gaze.3d.01._on_surface', 'norm_pos': [0.6200345158576965, -0.613906979560852], 'confidence': 0.9592296295367682, 'on_surf': False, 'base_data': ('gaze.3d.01.', 3543.2044655), 'timestamp': 3543.2044655}, {'topic': 'gaze.3d.01._on_surface', 'norm_pos': [0.6219326257705688, -0.6101114749908447], 'confidence': 0.9734666964219194, 'on_surf': False, 'base_data': ('gaze.3d.01.', 3543.208466), 'timestamp': 3543.208466}, {'topic': 'gaze.3d.01._on_surface', 'norm_pos': [0.6208740472793579, -0.6091428399085999], 'confidence': 0.9953523355808578, 'on_surf': False, 'base_data': ('gaze.3d.01.', 3543.212485), 'timestamp': 3543.212485}, {'topic': 'gaze.3d.01._on_surface', 'norm_pos': [0.6176757216453552, -0.6056913733482361], 'confidence': 1.0, 'on_surf': False, 'base_data': ('gaze.3d.01.', 3543.216399), 'timestamp': 3543.216399}, {'topic': 'gaze.3d.01._on_surface', 'norm_pos': [0.6177129745483398, -0.601740300655365], 'confidence': 0.9956061279799115, 'on_surf': False, 'base_data': ('gaze.3d.01.', 3543.2203745), 'timestamp': 3543.2203745}, {'topic': 'gaze.3d.01._on_surface', 'norm_pos': [0.6219097375869751, -0.6010489463806152], 'confidence': 0.9374770868398414, 'on_surf': False, 'base_data': ('gaze.3d.01.', 3543.224429), 'timestamp': 3543.224429}]", 'fixations_on_surfaces': '[]', 'timestamp': '3543.211801'}
{'topic': 'surfaces.HUD', 'name': 'HUD', 'surf_to_img_trans': '[[245.4151135513377, -73.33300673993956, 420.68419658651754], [-2.038266475467097, -177.3675234320034, 201.95792867775586], [0.048401404606998294, -0.08869447457961989, 1.0]]', 'img_to_surf_trans': '[[0.004391318898050201, -0.0009919924671950746, -1.6470177186427863], [-0.00032533340422425224, -0.006197870627859515, 1.3885717359940462], [-0.0002414012780937548, -0.0005017030500786551, 1.2028766115350273]]', 'surf_to_dist_img_trans': '[[202.46783407777818, -30.188451649564463, 429.17552907355656], [-11.324987709470678, -149.6453024445327, 222.4780356972325], [0.0032855874856497704, -0.033772378554512636, 1.0]]', 'dist_img_to_surf_trans': '[[0.004940981004233337, -0.0005455828445623483, -1.999167937065896], [-0.00041910613471737233, -0.006989450950072057, 1.7348694150794886], [-3.038823639053596e-05, -0.00023425782320755223, 1.0651591077844464]]', 'gaze_on_surfaces': "[{'topic': 'gaze.3d.01._on_surface', 'norm_pos': [0.6232554316520691, -0.6006893515586853], 'confidence': 0.9217859930243577, 'on_surf': False, 'base_data': ('gaze.3d.01.', 3543.228448), 'timestamp': 3543.228448}, {'topic': 'gaze.3d.01._on_surface', 'norm_pos': [0.6248996257781982, -0.598149299621582], 'confidence': 0.9603216144283024, 'on_surf': False, 'base_data': ('gaze.3d.01.', 3543.2324095000004), 'timestamp': 3543.2324095000004}, {'topic': 'gaze.3d.01._on_surface', 'norm_pos': [0.6253447532653809, -0.5985966324806213], 'confidence': 0.9599185232475804, 'on_surf': False, 'base_data': ('gaze.3d.01.', 3543.2363760000003), 'timestamp': 3543.2363760000003}, {'topic': 'gaze.3d.01._on_surface', 'norm_pos': [0.6282727718353271, -0.598222553730011], 'confidence': 0.94604452552122, 'on_surf': False, 'base_data': ('gaze.3d.01.', 3543.2404135), 'timestamp': 3543.2404135}, {'topic': 'gaze.3d.01._on_surface', 'norm_pos': [0.6287229061126709, -0.5999569892883301], 'confidence': 0.9343905714613818, 'on_surf': False, 'base_data': ('gaze.3d.01.', 3543.2444385), 'timestamp': 3543.2444385}, {'topic': 'gaze.3d.01._on_surface', 'norm_pos': [0.6298419833183289, -0.5968117117881775], 'confidence': 0.9436318651660471, 'on_surf': False, 'base_data': ('gaze.3d.01.', 3543.250387), 'timestamp': 3543.250387}, {'topic': 'gaze.3d.01._on_surface', 'norm_pos': [0.6291805505752563, -0.60072261095047], 'confidence': 0.9572150902134595, 'on_surf': False, 'base_data': ('gaze.3d.01.', 3543.2543235000003), 'timestamp': 3543.2543235000003}, {'topic': 'gaze.3d.01._on_surface', 'norm_pos': [0.6297062039375305, -0.595665454864502], 'confidence': 0.9805804902622093, 'on_surf': False, 'base_data': ('gaze.3d.01.', 3543.258294), 'timestamp': 3543.258294}, {'topic': 'gaze.3d.01._on_surface', 'norm_pos': [0.6272320747375488, -0.5946852564811707], 'confidence': 0.9663776750748063, 'on_surf': False, 'base_data': ('gaze.3d.01.', 3543.262299), 'timestamp': 3543.262299}]", 'fixations_on_surfaces': '[]', 'timestamp': '3543.24766'}
{'topic': 'surfaces.HUD', 'name': 'HUD', 'surf_to_img_trans': '[[245.42197398741195, -73.30529260322635, 420.50345293071763], [-2.0275356382744816, -177.29946333530953, 201.9329460505369], [0.048416331294186064, -0.08862382179196805, 1.0]]', 'img_to_surf_trans': '[[0.00439113545292791, -0.0009927685700881184, -1.6460149381384035], [-0.0003251791922998474, -0.006199874107483959, 1.3886978168499866], [-0.00024142129163544116, -0.0005013903260464536, 1.2027657124034963]]', 'surf_to_dist_img_trans': '[[202.41514232637857, -30.16545154117012, 429.016874805821], [-11.345511115994052, -149.57613005467672, 222.46598808705053], [0.0032150262679727184, -0.03371390865594768, 1.0]]', 'dist_img_to_surf_trans': '[[0.004941474582245062, -0.0005461103391292102, -1.9984850060082422], [-0.00041947896839206335, -0.006992130813716462, 1.7354748463736782], [-3.0029246207898575e-05, -0.00023397630047856203, 1.064934822235803]]', 'gaze_on_surfaces': "[{'topic': 'gaze.3d.01._on_surface', 'norm_pos': [0.6058076024055481, -0.6163573861122131], 'confidence': 0.9672383987838771, 'on_surf': False, 'base_data': ('gaze.3d.01.', 3543.2663405000003), 'timestamp': 3543.2663405000003}, {'topic': 'gaze.3d.01._on_surface', 'norm_pos': [0.5840796232223511, -0.6054888367652893], 'confidence': 0.987747425785038, 'on_surf': False, 'base_data': ('gaze.3d.01.', 3543.2703595000003), 'timestamp': 3543.2703595000003}, {'topic': 'gaze.3d.01._on_surface', 'norm_pos': [0.508361279964447, -0.6264262795448303], 'confidence': 0.987747425785038, 'on_surf': False, 'base_data': ('gaze.3d.01.', 3543.2743215), 'timestamp': 3543.2743215}, {'topic': 'gaze.3d.01._on_surface', 'norm_pos': [0.47071680426597595, -0.5661913752555847], 'confidence': 0.995, 'on_surf': False, 'base_data': ('gaze.3d.01.', 3543.2803550000003), 'timestamp': 3543.2803550000003}, {'topic': 'gaze.3d.01._on_surface', 'norm_pos': [0.33903616666793823, -0.6307673454284668], 'confidence': 0.99, 'on_surf': False, 'base_data': ('gaze.3d.01.', 3543.2844465000003), 'timestamp': 3543.2844465000003}, {'topic': 'gaze.3d.01._on_surface', 'norm_pos': [0.3230201005935669, -0.6012709140777588], 'confidence': 0.9672822722648488, 'on_surf': False, 'base_data': ('gaze.3d.01.', 3543.2883930000003), 'timestamp': 3543.2883930000003}, {'topic': 'gaze.3d.01._on_surface', 'norm_pos': [0.2696431875228882, -0.6208829283714294], 'confidence': 0.9722822722648488, 'on_surf': False, 'base_data': ('gaze.3d.01.', 3543.2923840000003), 'timestamp': 3543.2923840000003}, {'topic': 'gaze.3d.01._on_surface', 'norm_pos': [0.2675749659538269, -0.6122219562530518], 'confidence': 0.9209277057512395, 'on_surf': False, 'base_data': ('gaze.3d.01.', 3543.2964155), 'timestamp': 3543.2964155}]", 'fixations_on_surfaces': '[]', 'timestamp': '3543.279563'}
{'topic': 'surfaces.HUD', 'name': 'HUD', 'surf_to_img_trans': '[[245.4974432164516, -73.2646657580827, 420.31756339850125], [-2.028930809492662, -177.29430100583264, 201.72749135552013], [0.048484865557112414, -0.08856603462744372, 1.0]]', 'img_to_surf_trans': '[[0.004390047216798093, -0.000992372501599201, -1.6450251341311375], [-0.0003251934310387677, -0.00619890995081734, 1.3871750640845661], [-0.00024165194176982782, -0.0005008978260338814, 1.2026154172264591]]', 'surf_to_dist_img_trans': '[[202.42677727158872, -30.086009993386646, 428.86746217859127], [-11.36085063968399, -149.53419715984688, 222.29736161259578], [0.0032175490126773944, -0.03359496356706899, 1.0]]', 'dist_img_to_surf_trans': '[[0.00494121004056431, -0.00054530517960458, -1.997904307488409], [-0.00042001964008878074, -0.006992622875848987, 1.7345743731631524], [-3.0009129993685345e-05, -0.0002331623646101553, 1.064701317902771]]', 'gaze_on_surfaces': "[{'topic': 'gaze.3d.01._on_surface', 'norm_pos': [0.2425272911787033, -0.6367403268814087], 'confidence': 0.9209277057512395, 'on_surf': False, 'base_data': ('gaze.3d.01.', 3543.3006575), 'timestamp': 3543.3006575}, {'topic': 'gaze.3d.01._on_surface', 'norm_pos': [0.2474854588508606, -0.6317318677902222], 'confidence': 0.9356250477003627, 'on_surf': False, 'base_data': ('gaze.3d.01.', 3543.3046190000005), 'timestamp': 3543.3046190000005}, {'topic': 'gaze.3d.01._on_surface', 'norm_pos': [0.28023144602775574, -0.6329424381256104], 'confidence': 0.9099000035629032, 'on_surf': False, 'base_data': ('gaze.3d.01.', 3543.3085840000003), 'timestamp': 3543.3085840000003}, {'topic': 'gaze.3d.01._on_surface', 'norm_pos': [0.2854647934436798, -0.6307926774024963], 'confidence': 0.8943242639302298, 'on_surf': False, 'base_data': ('gaze.3d.01.', 3543.3126039999997), 'timestamp': 3543.3126039999997}, {'topic': 'gaze.3d.01._on_surface', 'norm_pos': [0.2978459298610687, -0.6385207176208496], 'confidence': 0.8965723139403181, 'on_surf': False, 'base_data': ('gaze.3d.01.', 3543.316361), 'timestamp': 3543.316361}, {'topic': 'gaze.3d.01._on_surface', 'norm_pos': [0.30225855112075806, -0.6354722380638123], 'confidence': 0.903822089472925, 'on_surf': False, 'base_data': ('gaze.3d.01.', 3543.3204035), 'timestamp': 3543.3204035}, {'topic': 'gaze.3d.01._on_surface', 'norm_pos': [0.3135285973548889, -0.643716037273407], 'confidence': 0.9272990836002961, 'on_surf': False, 'base_data': ('gaze.3d.01.', 3543.3244600000003), 'timestamp': 3543.3244600000003}, {'topic': 'gaze.3d.01._on_surface', 'norm_pos': [0.31575581431388855, -0.637778103351593], 'confidence': 0.9334527711857135, 'on_surf': False, 'base_data': ('gaze.3d.01.', 3543.3284325000004), 'timestamp': 3543.3284325000004}]", 'fixations_on_surfaces': '[]', 'timestamp': '3543.311672'}
{'topic': 'surfaces.HUD', 'name': 'HUD', 'surf_to_img_trans': '[[245.57762809769582, -73.30973128698311, 420.0074907560952], [-2.0276490246290653, -177.28045116486126, 201.49950609459816], [0.04851817073555008, -0.08861123641523848, 1.0]]', 'img_to_surf_trans': '[[0.004388429510309047, -0.0009934978668068117, -1.642983937517293], [-0.00032492441259989927, -0.0061989691979220905, 1.3855599188984105], [-0.00024171052618407292, -0.000501095626000718, 1.2024907527372162]]', 'surf_to_dist_img_trans': '[[202.41693051914723, -30.095157617501922, 428.61309626141326], [-11.387811784295906, -149.48401116747056, 222.12027492013655], [0.003156982131972484, -0.0335888444428235, 1.0]]', 'dist_img_to_surf_trans': '[[0.004940709783528741, -0.0005461213317387679, -1.996348297701744], [-0.00042055400542417664, -0.006994614838717813, 1.7339007253464624], [-2.972365557386089e-05, -0.00023321693446896928, 1.0645421576479992]]', 'gaze_on_surfaces': "[{'topic': 'gaze.3d.01._on_surface', 'norm_pos': [0.3231554329395294, -0.6427038908004761], 'confidence': 0.8978317157451912, 'on_surf': False, 'base_data': ('gaze.3d.01.', 3543.332416), 'timestamp': 3543.332416}, {'topic': 'gaze.3d.01._on_surface', 'norm_pos': [0.3265969753265381, -0.6385475993156433], 'confidence': 0.8982614192874436, 'on_surf': False, 'base_data': ('gaze.3d.01.', 3543.3364010000005), 'timestamp': 3543.3364010000005}, {'topic': 'gaze.3d.01._on_surface', 'norm_pos': [0.33209648728370667, -0.6481849551200867], 'confidence': 0.9144426903006888, 'on_surf': False, 'base_data': ('gaze.3d.01.', 3543.3403505), 'timestamp': 3543.3403505}, {'topic': 'gaze.3d.01._on_surface', 'norm_pos': [0.33184435963630676, -0.6443310379981995], 'confidence': 0.9002777636589343, 'on_surf': False, 'base_data': ('gaze.3d.01.', 3543.34437), 'timestamp': 3543.34437}, {'topic': 'gaze.3d.01._on_surface', 'norm_pos': [0.34089404344558716, -0.6485036611557007], 'confidence': 0.9197175480862114, 'on_surf': False, 'base_data': ('gaze.3d.01.', 3543.348424), 'timestamp': 3543.348424}, {'topic': 'gaze.3d.01._on_surface', 'norm_pos': [0.3407479524612427, -0.6472431421279907], 'confidence': 0.899714868017707, 'on_surf': False, 'base_data': ('gaze.3d.01.', 3543.3524365000003), 'timestamp': 3543.3524365000003}, {'topic': 'gaze.3d.01._on_surface', 'norm_pos': [0.34694963693618774, -0.6742520928382874], 'confidence': 0.899714868017707, 'on_surf': False, 'base_data': ('gaze.3d.01.', 3543.3563605), 'timestamp': 3543.3563605}, {'topic': 'gaze.3d.01._on_surface', 'norm_pos': [0.3451533019542694, -0.6591864228248596], 'confidence': 0.9314556979467312, 'on_surf': False, 'base_data': ('gaze.3d.01.', 3543.3603525), 'timestamp': 3543.3603525}]", 'fixations_on_surfaces': '[]', 'timestamp': '3543.347703'}
